5504
5505
5506
5507
5508
5523
5545
5587
5588
5592
5622
5630
5643
5653
5656
5667
5668
5669
5670
5672
5673
5675
5676
5677
5680
5683
5685
5687
5688
5691
5694
5695
5696
5699
5701
5702
5704
5706
5710
5711
5712
5714
5716
5720
5721
5722
5725
5726
5727
5730
5732
5733
5735
5736
5737
5738
5740
5741
5743
5745
5746
5747
5748
5750
5751
5752
5760
5768
5822
5824
5825
5851
5852
5870
5873
5874
5883
5903
5906
5908
5913
5927
5933
5940
5943
5950
8206
8207
8209
8220
8221
8225
8227
8229
8230
8231
8232
8233
8235
8236
8238
8239
8240
8245
8248
8252
8253
8255
8261
8262
8263
8264
8267
8268
8269
8270
8271
8273
8276
8279
8319
8326
8331
8336
8343
8344
8345
8346
8348
8350
8351
8352
8353
8354
8357
8359
8360
8364
8365
8368
8370
8371
8373
8376
8406
8412
8413


